4,1,3
4,18,19,2,18,2,13,19,1,22,0,3
4,16,23,1,5,3,1,13,14,3
4,8,23,3
4,24,6,24,0,3
4,3,5,1,14,25,3
4,13,22,2,12,3
4,3,0,3
4,25,9,4,0,4,11,0,11,0,20,6,25,6,23,25,19,5,0,4,1,0,1,5,1,20,3
4,3,0,1,28,24,28,9,14,13,14,13,14,13,14,13,14,13,14,13,14,13,11,4,11,4,11,4,11,4,11,4,0,3,0,3,0,3
4,15,10,22,18,7,4,1,0,3
-1
27,4,27
27,22,6,24,23,21,23,21,27
27,5,27
27,19,27
-1
5,1,5
5,1,14,3,17,5,18,5,16,15,7,5,9,13,0,27,5
5,2,5,17,18,5,0,5
5,12,17,5
5,2,18,5
5,1,0,5
5,0,16,24,0,1,13,5
5,19,5
5,18,17,5
5,12,5
5,20,8,19,5
5,20,5
-1
28,4,13,11,1,2,7,2
-1
1,6,17,25
1,6,15,3,15,25
1,12,25
-1
3,18,7,17,5,24,10,9,0
3,0,12,18,9,0,1,0
3,1,23,18,16,12,22,12,0,3,12,1,4,1,11,0,4,1,28,1,0
3,0,1,3,0,9,22,10,24,10,6,15,1,2,10,1,12,0
3,11,4,1,23,15,0
3,0,6,29,1,0
3,20,1,20,14,20,1,8,1,20,3,0
3,0,11,9,1,0
3,0,9,6,21,18,2,17,25,17,2,1,0,1,0
3,0,1,25,17,1,0
3,0,1,8,19,2,19,12,1,22,6,21,1,0
3,0,7,19,5,10,16,10,23,0
3,0,1,7,0
3,0,1,6,0
3,12,13,0
3,14,4,1,18,9,4,0
3,0,19,2,0
3,0,1,8,2,25,18,8,4,16,0
3,0,11,13,4,1,29,24,2,0
3,0,1,0,1,3,1,18,7,0
3,2,7,18,5,18,27,1,0,3,0,16,4,11,15,6,28,23,28,15,14,4,13,0
3,0,12,0
3,0,11,5,1,23,0
3,0,8,1,16,1,2,5,16,15,1,0
3,5,0
3,4,11,4,1,26,22,0,1,0
3,11,13,11,13,5,29,1,10,5,4,0
3,0,2,7,0
3,1,2,7,2,3,0
3,0,1,23,24,23,24,22,10,24,22,24,10,15,22,15,24,15,5,2,19,8,19,2,8,19,8,22,16,9,10,22,9,24,16,9,16,10,22,9,14,22,14,9,14,9,22,14,2,4,0
3,0,10,1,0,8,0
3,0,1,13,14,16,9,11,13,11,12,8,19,8,27,18,5,17,7,10,20,0
3,0,25,1,24,14,9,4,6,10,29,4,1,4,11,9,16,15,16,9,14,3,8,2,6,15,24,23,21,23,29,1,4,0
3,0,11,9,15,23,21,5,2,19,2,7,2,8,1,16,9,15,14,13,9,3,9,16,5,19,2,1,0
3,15,2,0
3,8,12,8,19,8,17,7,25,0,3,13,1,29,6,21,27,4,5,0
3,5,7,5,7,5,24,20,1,4,11,0
3,1,4,17,25,0
3,0,2,7,2,17,27,20,9,1,13,11,0
3,12,24,10,0
3,16,14,16,1,17,18,5,14,1,21,16,1,19,1,0
3,0,7,18,1,8,0,3,0
3,1,13,15,23,5,1,0
3,0,1,15,6,0
3,7,0
3,0,1,12,8,7,10,16,4,29,1,0
3,2,7,4,0
3,0,19,10,1,8,0
3,15,0,12,0
3,15,6,0
3,0,1,0
3,1,10,2,18,4,27,0
3,1,6,18,22,6,25,7,19,2,7,17,5,8,11,14,29,20,29,7,16,0
3,2,1,0
3,0,8,2,7,17,5,1,21,26,23,21,22,23,16,15,6,15,0,11,13,8,2,1,4,1,0
3,1,24,25,17,25,17,25,29,21,23,22,0,1,10,1,0,6,15,0
3,0,2,12,0
3,4,11,3,0,1,7,2,14,4,0
3,0,3,13,0,8,1,0,12,2,1,2,7,1,4,1,0
3,8,17,10,6,0
3,14,3,0
3,29,1,8,1,0
3,0,4,16,6,24,17,2,8,4,0,24,0
3,0,1,16,0,1,0
3,0,1,2,12,1,11,4,11,0
3,12,5,16,14,4,0
3,13,14,13,1,19,7,17,2,26,24,15,1,0
3,0,4,11,28,22,18,7,18,17,25,17,19,18,0
3,1,24,20,24,22,15,6,1,8,19,7,2,0
3,13,7,17,6,18,2,5,2,13,1,4,1,0
3,2,7,3,12,1,20,0
3,0,14,0
3,17,6,19,12,0
3,14,11,14,9,14,11,16,28,10,20,15,20,28,5,0
3,1,4,1,23,0
3,0,11,0
3,1,3,0
3,0,3,0
3,1,29,1,14,7,15,0
3,0,3,0,3,0
3,0,3,0,1,2,7,0,27,5,3,0
3,1,9,11,20,6,13,18,2,19,1,0
3,0,3,5,9,2,5,11,0,2,0
3,6,11,0
3,0,1,18,2,7,27,24,20,1,0
3,7,17,6,10,24,22,24,10,14,13,14,13,3,0
3,10,4,0
3,0,4,11,14,9,11,9,1,0
3,0,2,4,10,2,10,11,14,9,10,15,6,17,6,15,10,20,8,0,1,7,0
3,1,12,2,5,1,0
3,14,7,25,6,14,1,8,12,5,18,17,5,12,2,17,7,2,1,21,15,6,15,10,21,27,22,26,21,1,12,8,12,8,0,7,0,11,7,2,1,15,0
3,0,23,21,1,11,16,15,7,5,0
3,0,8,12,2,25,5,23,9,11,0
3,11,14,11,14,0
3,0,7,8,0,17,9,14,9,0
3,0,3,2,3,0,1,12,5,2,7,2,1,0
3,21,15,22,5,2,0
3,0,13,11,15,21,1,4,1,4,1,19,2,12,5,0
3,0,6,1,0
3,1,0
3,0,2,7,17,5,1,11,14,13,4,3,0,20,12,2,11,16,0
3,11,4,21,22,10,15,1,6,1,4,28,2,0
3,10,18,22,19,0
3,4,0
3,6,15,14,13,2,18,2,19,8,11,4,0
3,1,24,0
3,0,1,5,7,2,19,2,10,20,29,20,29,20,14,13,0,13,11,13,1,0
3,0,23,4,6,10,1,3,0
3,0,15,8,0
3,0,4,1,27,1,21,1,23,21,23,22,23,6,10,20,10,23,27,23,24,10,21,26,27,5,2,17,0,1,0
3,0,12,19,2,19,8,19,8,19,2,18,7,17,5,22,27,22,23,21,28,16,14,1,3,0
3,0,1,0,1,0,8,1,12,1,2,7,2,1,0,1,21,1,21,1,21,1,21,1,21,1,21,1,21,1,21,1,21,1,21,1,21,1,21,1,21,1,21,1,21,1,4,21,1,21,1,4,1,4,1,4,1,4,1,0,1,0
3,0,3,15,6,1,21,26,1,4,3,10,0
3,5,3,18,3,25,1,0
3,0,3,18,7,6,15,0
3,0,5,2,0
-1
25,14,25
25,7,2,25
25,17,7,5,18,1,12,17,25
-1
17,20,24,1
17,14,1
17,25,1,5,1
-1
7,15,0,1,4,9,13,1,12,9,5,8,2,7,2,0,2,0
7,8,19,2,1,0,18,0,13,1,0
7,0,29,1,29,11,20,0
7,2,0
7,9,0
7,2,0,8,1,15,0
7,2,17,16,14,13,4,3,0,1,0,3,0
7,13,0
7,2,1,0
7,17,2,27,7,1,0
7,1,13,4,0
7,0,15,0
7,0,2,15,4,20,11,15,0
7,2,7,15,11,0
7,1,0
7,25,15,6,0
7,19,0
-1
10,16,13
-1
20,1,0,19,14,9,6,21,6
20,4,1,4,6
-1
16,10,23,27
16,13,5,18,5,27
16,5,2,8,2,1,22,27
-1
14,19,14,19,2,19,2,19,2,19
14,10,15,0,19
-1
8,18,25,18,6
8,0,6
8,1,10,26,2,6
-1
4,5,18
4,15,18
4,3,15,18
4,13,11,21,23,5,7,2,5,12,3,8,12,8,12,8,12,18
4,15,22,18
-1
23,2,11,9,0,12
23,15,1,3,0,12
23,24,23,28,23,28,24,10,6,24,4,5,4,1,18,29,8,17,19,7,5,12
-1
12,1,0,5
12,1,5
12,4,1,5
12,8,5
-1
22,12,8
22,20,8
-1
2,8,2,8
2,19,8
2,27,8
-1
23,11,16
-1
14,2,8
-1
20,27,1
20,7,2,5,24,7,4,1,11,4,1
20,10,15,2,9,1
20,1,8,1
20,1,28,20,28,20,13,4,11,4,0,4,9,13,9,20,15,6,13,12,4,2,0,1
20,15,1
-1
4,9,22,9
4,2,9
-1
22,2,12
22,27,12
-1
25,28,10,20,14,9,14,9,14,9,1,19,8,12,2,9,16,13
-1
10,15,20
-1
6,7,19,8,5,2,1,20,6
-1
13,0,4,3,0,2,27
13,1,23,27
-1
11,13,9,0
11,9,13,10,6,15,6,10,22,12,2,22,2,22,2,1,11,0
11,4,1,2,1,20,10,20,22,23,5,22,2,5,2,18,17,2,17,2,5,1,0
11,18,11,16,1,3,5,25,8,16,11,9,2,6,0
11,1,8,2,0,2,0
11,4,0
11,0,11,10,8,0
11,24,5,0
11,13,11,4,1,27,21,10,0
11,9,18,9,2,6,0
11,8,0
11,1,0
11,3,1,2,4,0
11,2,7,6,7,8,0
11,14,17,3,8,2,7,0
11,5,0
11,13,0
11,14,1,25,0,25,0
11,20,1,0
-1
17,25,17,5
-1
28,22,15
28,24,13,4,6,10,15
-1
13,11,13,22
13,10,22,9,10,27,1,24,2,4,13,22
-1
0,3,1,6,10,23,21,26,22
0,24,5,7,2,22
0,1,23,28,23,24,10,24,10,24,28,9,4,11,9,14,2,13,0,8,1,6,22,23,22
0,12,22
0,27,22
0,4,1,2,1,4,14,11,14,13,7,1,11,22,10,6,3,1,21,23,24,22
0,2,16,8,13,22
-1
16,9,14,11
16,20,16,20,28,20,28,2,5,4,11
16,2,11
-1
8,1,6,10,4,1,5,18
-1
5,13,21,1,29,9,22
-1
20,15,20
20,29,20
20,4,20,4,20
-1
4,10,12
4,0,2,12
-1
24,22,10
-1
28,20,2,18,17
-1
21,22,1
21,12,1
21,29,10,21,13,1
21,11,1
21,4,1,6,0,3,9,1,3,12,1
21,8,1
-1
14,15,7,6,17,6,20,22,26,8,19,18,27,10,22,14
14,2,7,14
14,24,10,14
14,4,14
14,11,14
14,4,11,14
14,7,14
14,9,14
14,3,14
-1
3,12,27
3,4,29,15,27
3,4,1,18,7,18,7,2,18,17,18,5,27
3,0,27
3,4,1,27,17,7,27
-1
13,15,0,1
13,1,2,12,1
13,4,14,21,2,5,1,18,2,1
13,12,1
13,8,7,19,9,1
13,1,20,10,28,24,23,21,1
13,7,25,1
13,3,13,5,7,1
13,29,15,1
-1
0,6,17
0,12,17
0,2,0,22,1,17
0,14,17
0,1,17
0,23,6,18,17
0,15,6,2,17
-1
12,18,17,1,15,12,14,22,24
-1
23,1,6
-1
18,10,18,17,18,5,1,4,20,1,2,7,17,2,0
18,17,20,1,11,0
18,5,23,21,23,21,5,0
18,5,2,7,2,14,20,28,26,1,28,21,29,21,27,1,8,12,8,0
18,7,17,18,2,0
18,2,5,1,4,0,8,0,3,0
18,7,0
18,21,1,0
18,21,0
18,2,7,0
-1
9,2,15
9,20,24,15
9,10,0,15
-1
29,28,21
-1
0,13,4,1,12,2,12,2,17,5,1,0,3
0,28,3
0,7,25,4,3
0,3,0,3
0,1,24,28,20,24,22,10,0,12,1,5,12,5,12,2,5,18,3
0,1,2,7,17,27,23,1,20,6,24,6,14,11,4,21,0,7,2,1,23,20,3
0,20,23,1,3
0,3,18,17,2,19,1,14,1,5,2,18,17,5,12,3,0,3
0,1,3
0,11,1,23,28,10,24,22,24,10,20,6,5,18,3
0,12,16,1,2,5,2,19,3
0,1,21,7,4,0,3
0,18,1,14,1,20,12,19,7,0,2,3
0,12,0,3
0,8,3,0,3,1,0,7,3
0,6,3
0,4,5,3
0,3,0,12,10,0,3
0,11,0,3
0,1,4,11,14,15,6,28,1,7,17,8,11,0,3
0,3,1,3
0,1,5,9,14,2,0,3
0,4,1,22,5,3
0,3,0,12,8,4,1,4,0,3
0,18,0,9,16,17,1,12,18,17,18,5,18,2,18,2,18,7,26,1,0,3
0,16,9,11,26,28,1,27,1,14,13,7,17,27,0,3
0,12,4,16,4,13,4,1,2,19,2,25,5,12,1,21,14,9,10,20,21,6,16,9,16,11,15,11,2,5,3
0,8,0,3
0,9,14,1,3
0,7,3
0,1,17,7,15,6,7,0,1,5,2,7,2,1,0,3
0,4,16,15,20,1,21,1,0,3,0,3
0,7,17,12,15,5,3
0,1,2,5,7,15,3
0,18,7,18,17,7,17,25,17,7,18,17,18,5,18,2,0,3
0,7,1,5,3
0,8,2,25,5,1,28,16,9,13,3,0,12,17,27,4,16,11,15,6,20,28,21,1,0,3
0,3,6,2,19,8,3
0,1,3,0,14,3
0,3,23,0,3
0,3,20,8,2,1,3
0,4,1,21,12,2,25,2,10,15,24,7,8,0,8,0,3
0,19,3,8,0,3,0,4,11,4,11,4,11,4,11,14,13,14,9,20,28,0,3,1,23,24,10,20,16,4,0,3,0,3
0,19,12,19,12,19,12,19,12,19,12,19,12,19,12,19,12,19,12,19,12,19,12,19,12,19,12,19,12,19,12,19,12,19,12,19,12,19,12,19,12,19,12,19,12,19,12,19,12,19,12,19,12,19,12,19,12,19,12,19,2,8,0,3,0,3
0,3,2,8,0,3
-1
18,3,0,1,18,9,18,0,3
-1
14,0,4,9,29,22
-1
1,4,0,14,21
1,9,4,13,1,21
-1
2,11,9,11,17,11
-1
25,20,28,21,1
25,21,1
25,2,7,9,15,8,1
-1
11,23,26
-1
0,1,7,2,19,8,19,2,19,8,16,6,20,10,28,20,18
0,6,18
0,1,16,1,4,1,4,16,1,2,7,2,0,3,27,20,15,2,15,12,2,18,2,18,5,2,18
0,6,17,6,18,19,18,17,19,2,18,19,18
0,12,2,7,2,12,21,10,9,11,16,1,7,18
0,1,2,18
0,16,11,16,10,20,2,19,16,9,18
0,3,18
0,19,18
-1
7,2,19,12
7,18,5,2,18,17,18,5,12
7,17,8,7,12
-1
1,3,0,3,0,11,13,1,15,10,9,10,1,0,14,17,6,23
-1
2,3,2,7,18,7,18,7,2,7,17,15,14,13
2,20,13
2,4,13
2,5,14,13
2,5,8,16,13
2,5,12,13,15,1,21,13
-1
16,1,4
16,9,4
-1
5,8,11,7,19,8,0,7,6,23,6
5,15,6
-1
0,1,20
0,19,5,12,11,1,6,9,6,1,20,10,20
0,17,16,9,0,15,1,20
0,4,20
0,1,13,4,27,0,2,4,0,1,20,9,20
0,5,20
0,10,23,5,1,20,16,10,20
-1
4,26,27,26,1,26
-1
10,29,18
-1
6,10,16
6,1,16
-1
14,6,5,20
-1
3,2,18,2,18,3,13,11,13,5,3,13
3,0,8,3,11,13
3,2,5,1,6,24,6,10,4,13
3,0,9,10,16,22,5,7,1,13
3,0,11,4,1,10,20,23,22,24,23,5,2,5,25,13
3,28,23,10,15,2,13
3,0,1,9,13
3,17,8,5,28,13
3,0,4,13
3,1,13,11,13
3,0,8,12,8,12,2,7,5,18,22,16,11,13,11,13,11,4,1,12,8,19,2,19,8,19,8,12,1,4,9,16,1,5,2,18,17,18,5,1,10,15,6,15,6,16,14,9,16,9,14,11,14,11,13
3,2,7,16,20,1,13
3,4,11,14,11,14,8,1,11,13
3,7,2,19,13
3,1,14,16,15,6,13
3,0,1,22,2,11,3,11,20,10,6,14,13,11,4,13
3,7,13
3,12,8,12,8,19,8,19,5,12,5,17,25,17,25,17,25,12,2,18,5,18,2,7,2,5,9,16,4,14,2,9,14,13
3,0,1,23,6,9,8,11,14,13
3,17,11,14,13
3,0,13,2,1,2,13,0,3,19,8,14,17,13
3,2,6,9,4,14,13
3,0,13,2,13,0,17,13
3,8,2,19,7,0,13
-1
11,15,1,8
11,13,7,14,7,2,4,9,0,12,1,8
-1
3,15,8
3,2,8,19,12,4,1,8
3,15,2,7,8
3,1,4,9,7,2,1,21,15,0,6,8
3,0,8
3,7,1,12,8,12,8,12,8
3,10,6,8
3,11,8
3,0,4,11,9,15,6,28,23,24,2,8,1,8
3,7,18,12,8
-1
0,12,2,18,14,11,4,1,8,12
0,8,3,0,12
0,2,22,12
0,13,23,12
0,8,0,8,12,8,1,4,1,16,10,15,6,22,27,5,2,7,12
0,1,2,18,2,25,12
0,8,27,23,12
0,5,12
0,1,6,12
0,1,12
0,2,19,8,2,7,17,5,1,10,15,10,4,11,1,5,3,2,3,4,5,2,1,12
-1
15,6,15,14,3,15,13,10,21,1,0
15,7,1,0
15,1,11,1,2,18,1,0
15,3,0
15,1,0
15,7,0
15,6,0
15,5,21,6,1,15,2,1,0
15,27,12,3,4,23,0
15,1,5,1,0
15,6,15,6,15,6,5,1,3,0
15,16,17,3,0
15,11,14,24,9,4,11,4,5,16,15,22,6,19,0
15,6,20,10,5,20,4,13,1,2,5,4,0
-1
3,23,6
3,13,14,9,14,9,22,20,6
3,20,23,6
3,17,20,6
3,23,5,6
3,0,1,15,6
3,10,6
3,11,16,25,6
3,5,2,18,1,28,6
3,4,1,6
3,1,5,13,10,6
3,0,3,0,9,6
3,0,4,1,4,11,13,2,12,11,15,6
3,7,6
3,0,6
3,0,7,15,14,4,6
3,20,10,24,10,20,14,9,14,27,6
-1
7,27,17
-1
2,13,23,14,13,2,16
2,19,0,1,0,25,9,0,16
2,1,16
-1
15,3,7,12,2,8,12
-1
8,25,1
8,1,20,1,10,14,1,14,1,14,1,14,1,14,1,14,1,14,1,22,1
8,1,18,2,1
8,19,29,1
8,19,2,7,18,7,25,7,17,25,15,1,3,0,10,1
8,19,4,1
8,28,1
8,19,13,1
8,5,6,16,1,11,1
-1
23,12,8
23,1,8
23,7,19,2,15,6,20,8,19,8
-1
5,4,12
-1
6,15,9
6,3,2,9
6,22,18,5,17,21,6,23,21,23,10,6,9
-1
19,7,5,13,4,0
19,11,1,3,22,0
19,25,0
-1
14,18,2,0,3,1,20,10,15,9,8,7,10,15
-1
20,4,1,2,17,2,27,10,15,10,14,0,4,1,0,3
-1
13,3,0,8,17,1,8,12,16,7,17,7
13,1,7
13,16,7
13,4,9,14,29,1,7
-1
19,16,9,11,16
-1
6,15,12,2,7,17,25,7,5,2,1,22,2,13,0,8,11
6,15,11
-1
1,26,22
1,4,1,23,24,1,22
-1
23,21,15,11
-1
0,4,1,29,24,10,5,2,0,24,21
0,17,21
0,11,4,1,12,2,6,24,28,23,24,21
0,13,1,19,8,2,9,21
0,12,21
-1
24,20,14
24,26,14
-1
21,29,12,7,2,7,16,9,5,16,13,17,2
21,3,0,2
21,10,15,2
-1
25,9,16,9,13,1,5,11,4,11,13,11,25,0,4
-1
2,18,25,6,0,6,9,15,6,25,14,0,25,7
2,3,7
2,7,18,7
2,4,3,7
2,15,7
2,4,5,22,1,7
2,0,7
2,5,7
-1
6,9,14
-1
18,3,4,13,23,26,5,19
-1
16,9,13,11,4,12,5,2,17,12,23,9,23
16,4,14,9,4,3,14,3,14,21,24,21,23
-1
13,4,9,16,15,6,2,4,23,13
13,9,19,13
13,8,13
13,16,13,16,13
13,5,0,13
13,14,13,14,13,14,13,11,13,11,13,11,13,14,13,11,13
-1
3,21,23,28
-1
27,5,27,5
-1
9,7,25,17,20
9,6,20
9,14,0,3,1,10,20
-1
13,17,15
13,14,4,15
-1
1,7,1
1,17,1
1,2,1
1,0,1
1,15,26,1
1,7,22,9,1
1,15,1
1,10,1
1,11,1
1,2,10,1
1,5,7,6,1
1,0,3,0,1
1,10,6,21,1
1,27,1,16,1,15,1,15,29,4,1
1,17,5,1
1,24,16,1
1,2,17,1,17,1,14,1,14,1,14,13,1,15,1,15,1
1,24,1
1,25,1
1,5,1
1,7,2,18,2,13,3,0,1
1,2,14,13,4,1
1,2,15,1
1,27,1,23,0,1
1,20,1,26,20,28,1
1,18,1,23,26,18,5,7,18,2,1
1,14,4,1
1,13,1
1,14,8,1
1,9,16,21,0,1
1,5,1,5,1
1,27,1
1,4,1,17,1
1,6,1
1,5,1,8,1,8,12,8,12,1,8,1
1,7,1,2,8,2,1
1,3,1
1,2,1,2,1
1,4,14,4,16,15,0,1,5,17,18,27,0,6,8,15,1
1,15,6,9,16,24,6,12,8,18,22,1
1,8,15,1
1,4,1
-1
6,1,14,3
6,24,22,10,1,4,11,1,12,3
6,2,3
6,15,3,0,3
6,5,2,8,3,0,1,0,3
-1
13,19,22,6
13,8,6
-1
24,23,4,11,9,12,13,14,0,4,1,0,3,0,3,5,2,13
24,8,13
-1
13,14,20
-1
19,3,12,19,14
-1
8,5,4,14,11
-1
27,7,3
27,4,1,8,3
27,6,10,3
-1
18,0,8
-1
3,11,10,1,23,0,24,29
3,6,14,29
-1
25,3,0
25,17,7,17,7,17,5,9,14,0
25,3,0,21,0,1,21,1,4,0
25,17,7,11,0
25,29,5,20,8,0
25,1,4,0
-1
23,13,11,18,17
-1
20,7,8
-1
2,18,15
-1
29,1,18,0,14
-1
15,14,16,6,1,6,4
15,0,4
-1
10,2,6,7
10,0,7
-1
29,13,7,8,5,7
29,8,1,7
-1
23,9,10
23,10,28,20,10
-1
22,12,2,9,14,9,14,3,1,3,0
22,13,14,15,9,1,0
22,5,0,3,0
22,11,13,0
22,15,10,28,1,19,12,2,0
22,0,22,0
-1
19,27,16,1,27,7,1
19,11,19,1
19,1,6,16,9,16,1,15,2,1,3,17,1
19,6,4,11,1
19,7,1
19,5,1
19,13,28,5,13,0,1
19,5,13,1
19,20,4,1
19,0,1,7,1
19,17,0,1
19,1,2,17,4,1,4,1
-1
