31
0.0,0.23,0.19,0.06,0.18,0.23,0.5,0.37,0.14,0.3,0.33,0.17,0.16,0.17,0.27,0.49,0.28,0.39,0.32,0.17,0.31,0.27,0.33,0.3,0.33,0.44,0.29,0.28,0.29,0.27,654.8824557752341
0.23,0.0,0.24,0.28,0.11,0.16,0.28,0.38,0.18,0.2,0.12,0.13,0.18,0.23,0.23,0.28,0.11,0.32,0.24,0.22,0.1,0.05,0.11,0.07,0.1,0.41,0.06,0.06,0.07,0.04,654.8824557752341
0.19,0.24,0.0,0.24,0.28,0.12,0.5,0.18,0.07,0.41,0.36,0.28,0.07,0.33,0.41,0.51,0.34,0.21,0.16,0.02,0.34,0.27,0.31,0.29,0.32,0.25,0.27,0.25,0.3,0.28,654.8824557752341
0.06,0.28,0.24,0.0,0.22,0.3,0.55,0.42,0.2,0.32,0.38,0.2,0.22,0.17,0.27,0.53,0.31,0.45,0.38,0.23,0.36,0.33,0.39,0.35,0.38,0.49,0.34,0.34,0.34,0.32,654.8824557752341
0.18,0.11,0.28,0.22,0.0,0.23,0.33,0.44,0.21,0.13,0.16,0.02,0.22,0.12,0.14,0.31,0.09,0.41,0.33,0.26,0.14,0.14,0.2,0.16,0.18,0.49,0.16,0.17,0.14,0.12,654.8824557752341
0.23,0.16,0.12,0.3,0.23,0.0,0.4,0.22,0.1,0.35,0.26,0.25,0.08,0.33,0.37,0.41,0.27,0.17,0.09,0.11,0.25,0.17,0.2,0.19,0.22,0.25,0.17,0.15,0.21,0.19,654.8824557752341
0.5,0.28,0.5,0.55,0.33,0.4,0.0,0.59,0.46,0.29,0.17,0.35,0.45,0.43,0.37,0.06,0.24,0.49,0.44,0.49,0.19,0.24,0.19,0.22,0.18,0.59,0.23,0.25,0.21,0.24,654.8824557752341
0.37,0.38,0.18,0.42,0.44,0.22,0.59,0.0,0.24,0.57,0.48,0.45,0.23,0.51,0.58,0.62,0.49,0.13,0.16,0.2,0.47,0.39,0.41,0.41,0.43,0.09,0.39,0.36,0.42,0.41,654.8824557752341
0.14,0.18,0.07,0.2,0.21,0.1,0.46,0.24,0.0,0.34,0.3,0.21,0.02,0.27,0.34,0.46,0.28,0.25,0.18,0.04,0.28,0.22,0.27,0.24,0.28,0.3,0.23,0.21,0.25,0.23,654.8824557752341
0.3,0.2,0.41,0.32,0.13,0.35,0.29,0.57,0.34,0.0,0.16,0.13,0.34,0.17,0.08,0.25,0.1,0.52,0.44,0.39,0.15,0.21,0.24,0.21,0.22,0.6,0.22,0.24,0.18,0.18,654.8824557752341
0.33,0.12,0.36,0.38,0.16,0.26,0.17,0.48,0.3,0.16,0.0,0.18,0.29,0.27,0.23,0.16,0.08,0.4,0.33,0.34,0.02,0.09,0.09,0.07,0.06,0.49,0.09,0.12,0.06,0.08,654.8824557752341
0.17,0.13,0.28,0.2,0.02,0.25,0.35,0.45,0.21,0.13,0.18,0.0,0.22,0.1,0.13,0.33,0.11,0.42,0.34,0.26,0.16,0.17,0.22,0.18,0.21,0.5,0.18,0.19,0.16,0.14,654.8824557752341
0.16,0.18,0.07,0.22,0.22,0.08,0.45,0.23,0.02,0.34,0.29,0.22,0.0,0.28,0.35,0.45,0.28,0.23,0.16,0.04,0.27,0.21,0.25,0.23,0.26,0.29,0.21,0.19,0.24,0.22,654.8824557752341
0.17,0.23,0.33,0.17,0.12,0.33,0.43,0.51,0.27,0.17,0.27,0.1,0.28,0.0,0.11,0.4,0.2,0.5,0.42,0.31,0.26,0.27,0.32,0.28,0.3,0.57,0.28,0.29,0.26,0.24,654.8824557752341
0.27,0.23,0.41,0.27,0.14,0.37,0.37,0.58,0.34,0.08,0.23,0.13,0.35,0.11,0.0,0.33,0.15,0.54,0.46,0.38,0.22,0.26,0.3,0.26,0.28,0.62,0.27,0.29,0.24,0.23,654.8824557752341
0.49,0.28,0.51,0.53,0.31,0.41,0.06,0.62,0.46,0.25,0.16,0.33,0.45,0.4,0.33,0.0,0.22,0.52,0.46,0.5,0.18,0.25,0.21,0.22,0.19,0.62,0.24,0.26,0.21,0.24,654.8824557752341
0.28,0.11,0.34,0.31,0.09,0.27,0.24,0.49,0.28,0.1,0.08,0.11,0.28,0.2,0.15,0.22,0.0,0.42,0.35,0.32,0.06,0.12,0.15,0.11,0.12,0.52,0.13,0.15,0.09,0.08,654.8824557752341
0.39,0.32,0.21,0.45,0.41,0.17,0.49,0.13,0.25,0.52,0.4,0.42,0.23,0.5,0.54,0.52,0.42,0.0,0.08,0.23,0.39,0.31,0.32,0.33,0.34,0.1,0.31,0.28,0.35,0.34,654.8824557752341
0.32,0.24,0.16,0.38,0.33,0.09,0.44,0.16,0.18,0.44,0.33,0.34,0.16,0.42,0.46,0.46,0.35,0.08,0.0,0.16,0.32,0.24,0.25,0.26,0.27,0.17,0.23,0.21,0.28,0.27,654.8824557752341
0.17,0.22,0.02,0.23,0.26,0.11,0.49,0.2,0.04,0.39,0.34,0.26,0.04,0.31,0.38,0.5,0.32,0.23,0.16,0.0,0.32,0.25,0.3,0.28,0.31,0.27,0.26,0.24,0.28,0.26,654.8824557752341
0.31,0.1,0.34,0.36,0.14,0.25,0.19,0.47,0.28,0.15,0.02,0.16,0.27,0.26,0.22,0.18,0.06,0.39,0.32,0.32,0.0,0.08,0.09,0.06,0.06,0.49,0.08,0.11,0.04,0.06,654.8824557752341
0.27,0.05,0.27,0.33,0.14,0.17,0.24,0.39,0.22,0.21,0.09,0.17,0.21,0.27,0.26,0.25,0.12,0.31,0.24,0.25,0.08,0.0,0.06,0.03,0.06,0.41,0.02,0.03,0.04,0.03,654.8824557752341
0.33,0.11,0.31,0.39,0.2,0.2,0.19,0.41,0.27,0.24,0.09,0.22,0.25,0.32,0.3,0.21,0.15,0.32,0.25,0.3,0.09,0.06,0.0,0.04,0.02,0.42,0.05,0.06,0.06,0.08,654.8824557752341
0.3,0.07,0.29,0.35,0.16,0.19,0.22,0.41,0.24,0.21,0.07,0.18,0.23,0.28,0.26,0.22,0.11,0.33,0.26,0.28,0.06,0.03,0.04,0.0,0.03,0.42,0.02,0.05,0.02,0.04,654.8824557752341
0.33,0.1,0.32,0.38,0.18,0.22,0.18,0.43,0.28,0.22,0.06,0.21,0.26,0.3,0.28,0.19,0.12,0.34,0.27,0.31,0.06,0.06,0.02,0.03,0.0,0.44,0.05,0.07,0.05,0.07,654.8824557752341
0.44,0.41,0.25,0.49,0.49,0.25,0.59,0.09,0.3,0.6,0.49,0.5,0.29,0.57,0.62,0.62,0.52,0.1,0.17,0.27,0.49,0.41,0.42,0.42,0.44,0.0,0.4,0.38,0.44,0.44,654.8824557752341
0.29,0.06,0.27,0.34,0.16,0.17,0.23,0.39,0.23,0.22,0.09,0.18,0.21,0.28,0.27,0.24,0.13,0.31,0.23,0.26,0.08,0.02,0.05,0.02,0.05,0.4,0.0,0.02,0.04,0.05,654.8824557752341
0.28,0.06,0.25,0.34,0.17,0.15,0.25,0.36,0.21,0.24,0.12,0.19,0.19,0.29,0.29,0.26,0.15,0.28,0.21,0.24,0.11,0.03,0.06,0.05,0.07,0.38,0.02,0.0,0.07,0.06,654.8824557752341
0.29,0.07,0.3,0.34,0.14,0.21,0.21,0.42,0.25,0.18,0.06,0.16,0.24,0.26,0.24,0.21,0.09,0.35,0.28,0.28,0.04,0.04,0.06,0.02,0.05,0.44,0.04,0.07,0.0,0.02,654.8824557752341
0.27,0.04,0.28,0.32,0.12,0.19,0.24,0.41,0.23,0.18,0.08,0.14,0.22,0.24,0.23,0.24,0.08,0.34,0.27,0.26,0.06,0.03,0.08,0.04,0.07,0.44,0.05,0.06,0.02,0.0,654.8824557752341
654.8824557752341,654.8824557752341,654.8824557752341,654.8824557752341,654.8824557752341,654.8824557752341,654.8824557752341,654.8824557752341,654.8824557752341,654.8824557752341,654.8824557752341,654.8824557752341,654.8824557752341,654.8824557752341,654.8824557752341,654.8824557752341,654.8824557752341,654.8824557752341,654.8824557752341,654.8824557752341,654.8824557752341,654.8824557752341,654.8824557752341,654.8824557752341,654.8824557752341,654.8824557752341,654.8824557752341,654.8824557752341,654.8824557752341,654.8824557752341,0.0
