9,14,5,1,0,4
9,0,4
-1
4,10,1,0
4,3,8,0
4,19,2,1,0
4,3,1,2,0
4,3,10,1,0
-1
4,0,8
4,3,7,1,0,8
4,6,8
4,1,10,6,13,11,8
4,0,1,2,13,14,8
-1
4,3,9
4,3,7,9
-1
9,1,2,0
-1
8,15,17
8,14,17
-1
13,6,11,17,12,5
13,11,0,5
-1
13,2,7,14,12,8
13,5,1,2,0,8
-1
3,15,0
3,10,0
3,16,6,0
3,6,12,4,0
3,4,10,0
3,4,0
3,2,1,0
3,1,0
-1
12,11,15
-1
10,1,2,0,4
-1
7,3,16,6
7,3,4,2,1,8,14,6
7,9,17,8,6
-1
8,14,0,2
8,7,2
-1
15,7,10
-1
1,4,3,10
1,2,10
1,4,10
-1
9,0,1
9,5,1
9,7,0,1
-1
6,4,0
6,3,1,2,0
6,4,10,1,2,0
6,4,10,3,2,0
-1
0,6,13
0,1,4,13
-1
2,14,8,1,0,6
2,3,4,6
2,0,6
2,7,6
2,1,5,0,9,11,14,6
2,1,6
2,3,4,1,6
-1
0,13,11,12
0,10,6,11,12
0,9,1,4,12
0,20,8,11,13,12
0,11,12
-1
17,8,11,13,3
-1
1,0,8
-1
8,14,6
8,14,0,6
-1
13,11,12
-1
7,3,10
7,5,8,17,6,4,1,10
-1
9,1,2,7,5
9,0,1,5
-1
18,4,6
-1
11,12,6
-1
2,1,0,8,14,20
2,17,20
-1
16,5,18
-1
16,2,1,0,4,3,7
-1
1,6,12
1,11,12
-1
3,0,9
3,1,0,6,9
3,10,9
3,15,5,9
3,1,9
3,0,23,9
3,6,19,4,23,2,1,5,14,12,0,9
-1
9,1,2,0,11
-1
10,2,13,12
-1
19,0,1,16
-1
4,13,3
4,10,3
-1
4,2,0,11
4,6,13,11
4,0,11
4,0,10,11
-1
11,16,17,8
-1
19,7,4,3
19,1,3
-1
0,9,22
0,18,16,22
0,17,22
-1
3,6,15
3,10,0,15
-1
3,6,0,1
3,0,1
3,4,1
3,6,1
-1
0,5,9
0,1,9
-1
8,0,5
-1
17,6,4,3,1,0,2
-1
13,12,1,0,9,14,2
13,6,2
-1
10,1,2,9,6,11,13,12,8
-1
6,0,1
6,4,0,1
6,9,0,4,1
6,4,3,7,1
-1
2,14,5,25,12,11,9,7,6,22,13,1
2,14,1
2,3,1
2,10,4,1
-1
0,1,10,3,7,4
0,1,8,5,4
0,2,7,4
0,2,1,3,7,4
0,1,4
0,15,4
-1
20,9,0
-1
6,0,9,2,1,4,8,14
-1
