4,0,3
4,1,3
4,7,3
-1
27,0,3
27,1,0
27,22,0
-1
5,0,3
5,0,1
5,0,2
-1
28,5,2
28,1,2
28,0,2
-1
1,2,25
1,0,11,25
1,0,3,25
-1
3,11,0
3,1,0
3,2,0
-1
25,10,0
25,0,11
25,3,0
-1
17,2,1
17,0,11,1
17,9,1
-1
7,5,0
7,2,0
7,1,0
-1
10,0,3,13
10,0,1,13
10,20,13
-1
20,2,0,6
20,15,6
20,19,0,6
-1
16,0,27
16,5,27
16,2,27
-1
14,0,19
14,1,19
14,4,19
-1
8,2,0,6
8,10,6
8,0,3,6
-1
4,0,3,18
4,1,18
4,0,7,18
-1
23,0,3,12
23,1,0,12
23,4,12
-1
12,2,0,5
12,4,5
12,0,3,5
-1
22,0,8
22,2,8
22,10,8
-1
2,0,3,8
2,0,5,8
2,1,0,8
-1
23,18,0,16
23,0,3,16
23,1,16
-1
14,0,8
14,4,8
14,1,8
-1
20,0,13,1
20,2,0,1
20,0,19,1
-1
4,0,3,9
4,1,0,9
4,7,0,9
-1
22,0,12
22,2,12
22,10,12
-1
25,0,11,13
25,0,3,13
25,0,19,13
-1
10,0,20
10,1,20
10,3,20
-1
6,0,1
6,2,0
6,0,3
-1
13,0,27
13,2,27
13,9,27
-1
11,18,0
11,28,0
11,23,0
-1
17,2,5
17,0,5
17,15,5
-1
28,5,15
28,1,15
28,0,11,15
-1
13,0,11,22
13,0,14,22
13,2,22
-1
0,5,22
0,17,22
0,11,22
-1
16,0,11
16,5,11
16,10,11
-1
8,0,18
8,2,18
8,10,18
-1
5,3,0,22
5,0,1,22
5,0,2,22
-1
20,0,19
20,0,13
20,0,2
-1
4,0,12
4,1,12
4,2,12
-1
24,0,10
24,9,10
24,2,10
-1
28,0,17
28,1,17
28,5,17
-1
21,3,1
21,0,1
21,4,1
-1
14,0,3
14,4,1,0
14,2,1,0
-1
3,0,27
3,1,27
3,2,27
-1
13,0,11,1
13,0,14,1
13,2,1
-1
0,5,17
0,1,17
0,11,17
-1
12,0,3,24
12,2,24
12,4,24
-1
23,1,0,6
23,18,0,6
23,4,6
-1
18,22,0
18,5,0
18,1,0
-1
9,0,3,15
9,5,15
9,2,0,15
-1
29,0,21
29,4,21
29,5,21
-1
0,5,3
0,1,3
0,4,3
-1
18,0,3
18,4,3
18,1,3
-1
14,0,22
14,4,22
14,1,22
-1
1,2,21
1,0,21
1,4,21
-1
2,0,11
2,1,11
2,3,11
-1
25,0,3,1
25,0,11,1
25,10,1
-1
11,0,26
11,4,26
11,2,26
-1
0,5,18
0,4,18
0,17,18
-1
7,2,0,12
7,5,0,12
7,0,3,12
-1
1,0,23
1,2,23
1,4,23
-1
2,0,13
2,5,13
2,3,13
-1
16,0,4
16,5,4
16,10,4
-1
5,0,1,6
5,3,0,6
5,0,2,6
-1
0,5,20
0,1,20
0,17,20
-1
4,0,3,26
4,0,1,26
4,0,7,26
-1
10,3,0,18
10,0,1,18
10,2,18
-1
6,0,16
6,2,1,0,16
6,2,16
-1
14,4,20
14,1,0,20
14,0,3,20
-1
3,0,13
3,1,13
3,4,13
-1
11,0,7,8
11,4,8
11,2,8
-1
3,0,8
3,1,8
3,2,8
-1
0,17,12
0,5,12
0,2,12
-1
15,1,0
15,7,0
15,3,0
-1
3,0,1,6
3,0,14,6
3,0,2,6
-1
7,0,17
7,2,17
7,5,17
-1
2,0,5,16
2,0,3,16
2,1,0,16
-1
15,2,12
15,0,3,12
15,1,12
-1
8,0,1
8,10,1
8,2,1
-1
23,0,3,8
23,4,8
23,1,8
-1
5,0,3,12
5,0,2,12
5,1,0,12
-1
6,2,9
6,0,3,9
6,1,0,9
-1
19,2,1,0
19,2,23,0
19,2,5,0
-1
14,1,0,15
14,4,15
14,5,15
-1
20,0,3
20,15,3
20,2,3
-1
13,2,7
13,0,11,7
13,0,14,7
-1
19,0,16
19,8,16
19,2,16
-1
6,0,11
6,1,11
6,2,1,0,11
-1
1,0,11,22
1,0,3,22
1,2,22
-1
23,0,11
23,1,11
23,4,11
-1
0,5,21
0,1,21
0,4,21
-1
24,0,14
24,9,14
24,2,14
-1
21,0,2
21,6,2
21,1,2
-1
25,0,4
25,1,4
25,10,4
-1
2,3,0,7
2,0,5,7
2,1,0,7
-1
6,1,14
6,0,14
6,2,1,0,14
-1
18,0,19
18,1,19
18,5,19
-1
16,5,23
16,0,23
16,2,23
-1
13,0,11
13,0,14
13,0,3
-1
3,0,5,28
3,0,1,28
3,0,14,28
-1
27,0,5
27,9,5
27,22,5
-1
9,0,3,20
9,5,20
9,0,1,20
-1
13,0,11,15
13,0,2,15
13,0,14,15
-1
1,0,3
1,0,11
1,0,2
-1
6,1,3
6,0,3
6,2,1,0,3
-1
13,9,0,6
13,2,6
13,0,11,6
-1
24,0,13
24,9,13
24,6,13
-1
13,0,11,20
13,9,0,20
13,0,2,20
-1
19,0,14
19,8,14
19,2,14
-1
8,0,11
8,10,11
8,2,11
-1
27,0,3
27,9,3
27,1,3
-1
18,4,8
18,0,5,8
18,0,28,8
-1
3,0,29
3,1,29
3,11,29
-1
25,11,0
25,10,0
25,12,0
-1
23,0,17
23,1,17
23,4,17
-1
20,19,0,8
20,0,13,8
20,2,0,8
-1
2,3,0,15
2,0,5,15
2,1,0,15
-1
29,0,11,14
29,0,5,14
29,4,14
-1
15,0,3,4
15,0,2,4
15,1,4
-1
10,3,0,7
10,1,0,7
10,2,7
-1
29,0,7
29,4,7
29,5,7
-1
23,1,10
23,0,3,10
23,18,0,10
-1
22,10,0
22,18,0
22,2,0
-1
19,0,1
19,2,1
19,8,1
-1
