9,2,4
9,0,4
9,6,4
-1
4,2,0
4,6,0
4,1,0
-1
4,2,8
4,6,8
4,1,8
-1
4,2,9
4,0,9
4,1,9
-1
9,2,0
9,21,0
9,5,0
-1
8,0,17
8,14,17
8,3,17
-1
13,0,5
13,11,5
13,3,5
-1
13,14,8
13,11,8
13,3,8
-1
3,6,0
3,7,0
3,21,0
-1
12,0,5,15
12,9,15
12,6,15
-1
10,3,4
10,1,4
10,7,4
-1
7,3,6
7,5,6
7,0,6
-1
8,5,2
8,14,2
8,0,2
-1
15,9,10
15,0,10
15,6,10
-1
1,4,10
1,0,3,10
1,2,10
-1
9,0,1
9,6,1
9,2,1
-1
6,2,0
6,5,0
6,9,0
-1
0,2,13
0,3,13
0,19,13
-1
2,5,6
2,0,3,6
2,1,6
-1
0,5,12
0,2,12
0,1,12
-1
17,4,3
17,0,3
17,15,3
-1
1,2,8
1,0,3,8
1,6,8
-1
8,5,6
8,0,6
8,3,6
-1
13,6,12
13,11,12
13,14,12
-1
7,4,10
7,1,10
7,0,10
-1
9,2,5
9,0,5
9,6,5
-1
18,3,24,6
18,5,6
18,4,6
-1
11,3,6
11,0,6
11,13,6
-1
2,5,0,20
2,0,3,20
2,7,20
-1
16,5,18
16,6,18
16,2,18
-1
16,0,7
16,2,7
16,6,7
-1
1,5,12
1,4,12
1,6,12
-1
3,0,9
3,6,9
3,5,9
-1
9,5,11
9,2,11
9,0,11
-1
10,3,12
10,5,12
10,22,12
-1
19,1,2,16
19,0,16
19,7,16
-1
4,10,3
4,2,3
4,15,3
-1
4,2,11
4,6,11
4,7,11
-1
11,3,8
11,14,8
11,13,8
-1
19,1,2,3
19,7,3
19,0,3
-1
0,2,22
0,10,22
0,3,22
-1
3,4,15
3,6,15
3,1,15
-1
3,6,1
3,7,1
3,0,1
-1
0,2,9
0,7,20,9
0,5,9
-1
8,0,5
8,2,5
8,3,5
-1
17,4,2
17,5,2
17,0,2
-1
13,6,2
13,14,2
13,0,2
-1
10,3,8
10,1,8
10,22,8
-1
6,5,1
6,0,2,1
6,4,1
-1
2,0,3,1
2,5,1
2,4,1
-1
0,2,4
0,3,4
0,7,4
-1
20,24,22,0
20,16,0
20,5,0
-1
6,2,14
6,0,14
6,13,14
-1
